function fiber_maplereturn = fiber_maple(x0, y0, kappa, lambda)
  t1 = (x0 + kappa);
  t2 = (t1 ^ 2);
  t5 = (y0 * x0);
  t10 = (kappa ^ 2);
  t11 = (t10 * kappa);
  t12 = (y0 ^ 2);
  t14 = (lambda * t10);
  t16 = (x0 * t10);
  t19 = (kappa * lambda);
  t20 = (t12 * x0);
  t23 = (x0 ^ 2);
  t24 = (t23 * kappa);
  t27 = (t23 * lambda);
  t29 = (t23 * x0);
  t30 = (t12 * t29);
  t43 = (y0 * t29);
  t50 = t12 * t11 - 2 * t11 * y0 - t12 * t14 + 3 * t12 * t16 + 3 * t12 * t24 - t12 * t27 + 2 * t14 * y0 - 6 * t16 * y0 - 2 * t19 * t20 + 6 * t19 * t5 - 4 * t19 * x0 - 6 * t24 * y0 + 4 * t27 * y0 + 4 * t16 + 5 * t24 - 3 * t27 + t29 + t30 - 2 * t43;
  t52 = (t2 ^ 2);
  t57 = (t10 ^ 2);
  t58 = (t57 * kappa);
  t59 = t12 * y0;
  t62 = (lambda * t57);
  t65 = x0 * t57;
  t68 = (lambda ^ 2);
  t69 = t68 * t11;
  t72 = lambda * t11;
  t73 = t59 * x0;
  t76 = t23 * t11;
  t79 = t68 * t10;
  t82 = t59 * t23;
  t85 = t29 * t10;
  t88 = t68 * kappa;
  t94 = t23 ^ 2;
  t95 = t94 * kappa;
  t98 = t29 * t68;
  t101 = t94 * lambda;
  t104 = -40 * t19 * t29 * t59 - 10 * t101 * t59 - 60 * t14 * t82 + 4 * t58 * t59 - 10 * t59 * t62 + 20 * t59 * t65 + 6 * t59 * t69 + 40 * t59 * t76 + 40 * t59 * t85 + 20 * t59 * t95 + 6 * t59 * t98 - 40 * t72 * t73 + 18 * t73 * t79 + 18 * t82 * t88;
  t105 = t94 * x0;
  t122 = t12 * t23;
  t135 = 4 * t105 * t59 - 12 * t12 * t58 + 33 * t12 * t62 - 60 * t12 * t65 - 21 * t12 * t69 - 120 * t12 * t76 - 120 * t12 * t85 - 60 * t12 * t95 - 39 * t12 * t98 + 225 * t122 * t14 - 99 * t122 * t88 + 159 * t19 * t30 + 141 * t20 * t72 - 81 * t20 * t79;
  t155 = y0 * t23;
  t166 = 42 * t101 * t12 - 12 * t105 * t12 - 342 * t14 * t155 + 210 * t155 * t88 - 234 * t19 * t43 - 198 * t5 * t72 + 138 * t5 * t79 + 12 * t58 * y0 - 36 * t62 * y0 + 60 * t65 * y0 + 24 * t69 * y0 + 120 * t76 * y0 + 120 * t85 * y0 + 60 * t95 * y0;
  t190 = -54 * t101 * y0 + 12 * t105 * y0 + 141 * t14 * t23 + 79 * t19 * t29 - 69 * t23 * t88 + 84 * t72 * x0 - 60 * t79 * x0 + 96 * t98 * y0 + 22 * t101 - 4 * t105 - 24 * t65 - 60 * t76 - 52 * t85 - 20 * t95 - 63 * t98;
  t194 = (t52 ^ 2);
  fiber_maplereturn = [x0 -(x0 + kappa - lambda) * (kappa * y0 + t5 - x0) / t2 (1 / t52 / t1 * t50 * lambda) / 0.2e1 (1 / t194 * (t190 + t166 + t135 + t104) * lambda) / 0.12e2];
